26
94080.6875	90285.25	898.5604354
13480.9375	97292.75	1036.994921
84196	52530	353.7774669
51511.75	48946.5	1331.837384
82984.875	36869	417.4382626
79294.1875	44198	341.642626
115206.625	94671.5	202.0553233
69910.3125	33514.5	749.8853474
98352.875	65355.75	149.9891089
103349.8125	99793.25	2229.033411
50317.75	127038.75	160.3253206
38164.5625	48953	1472.817023
-7818.59375	111039.5	336.376675
100059.9	114468	678.060677
115472.8125	108335.25	997.3787325
33564.4212	85728.2102 1147
34026.1962	112215.2906 1825
48530.6683	91989.5949 1470
60246.5448	110107.7327 1521
59124.3974	79301.6496 1109
56008.7698	65352.6687 1344
72098.6144	57275.5475 627.66
79856.5154	66752.7777 541
90615.9136	103467.1895 1263
79383.8924	79835.8881 1067
108131.3675	82243.4513 748.12

















