  123
   75000.0000       15000.0000       99.3082657    
   85000.0000       15000.0000       110.152824    
   85000.0000       20000.0000       100.095276    
   65000.0000       25000.0000       111.130424    
   85000.0000       25000.0000       88.5568466    
   90000.0000       25000.0000       109.519127    
   65000.0000       30000.0000       89.4890594    
   75000.0000       30000.0000       62.0808601    
   80000.0000       30000.0000       108.727821    
   85000.0000       30000.0000       90.4361343    
   65000.0000       35000.0000       76.2851944    
   70000.0000       35000.0000       80.7194519    
   85000.0000       35000.0000       83.6906891    
   60000.0000       40000.0000       53.9498100    
   85000.0000       40000.0000       90.1148376    
   90000.0000       40000.0000       65.6090469    
   75000.0000       45000.0000       65.7975693    
   80000.0000       45000.0000       64.8434677    
   85000.0000       45000.0000       92.4899368    
   40000.0000       50000.0000       144.937317    
   50000.0000       50000.0000       151.370926    
   75000.0000       50000.0000       48.6973572    
   90000.0000       50000.0000       66.7610474    
   30000.0000       55000.0000       104.077240    
   65000.0000       55000.0000       107.593285    
   70000.0000       55000.0000       68.5669403    
   80000.0000       55000.0000       75.0211411    
   85000.0000       55000.0000       74.5468292    
   50000.0000       60000.0000       118.299088    
   55000.0000       60000.0000       90.6846390    
   60000.0000       60000.0000       93.1807861    
   90000.0000       60000.0000       69.2681961    
   30000.0000       65000.0000       82.9487457    
   55000.0000       65000.0000       101.101196    
   65000.0000       65000.0000       89.6280441    
   80000.0000       65000.0000       51.9997978    
   85000.0000       65000.0000       59.6416206    
   90000.0000       65000.0000       47.2444420    
   100000.000       65000.0000       68.8423233    
   20000.0000       70000.0000       72.2174835    
   60000.0000       70000.0000       91.7682343    
   75000.0000       70000.0000       58.6823540    
   85000.0000       70000.0000       92.1180878    
   95000.0000       70000.0000       80.8161392    
   100000.000       70000.0000       54.6120720    
   45000.0000       75000.0000       82.1404648    
   50000.0000       75000.0000       87.3393021    
   55000.0000       75000.0000       87.9284058    
   70000.0000       75000.0000       105.808594    
   80000.0000       75000.0000       78.8707657    
   90000.0000       75000.0000       66.2634506    
   105000.000       75000.0000       63.2398682    
   40000.0000       80000.0000       96.4228745    
   50000.0000       80000.0000       86.9476547    
   60000.0000       80000.0000       75.9731979    
   80000.0000       80000.0000       85.1391678    
   95000.0000       80000.0000       89.6894073    
   100000.000       80000.0000       69.7596207    
   110000.000       80000.0000       76.6114426    
   5000.00000       85000.0000       60.4765625    
   35000.0000       85000.0000       58.8702240    
   55000.0000       85000.0000       104.059265    
   60000.0000       85000.0000       122.035538    
   90000.0000       85000.0000       119.581558    
   95000.0000       85000.0000       104.108223    
   105000.000       85000.0000       76.9540710    
   110000.000       85000.0000       62.5935631    
   0.00000000       90000.0000       62.7514038    
   50000.0000       90000.0000       89.9639511    
   60000.0000       90000.0000       115.321899    
   95000.0000       90000.0000       131.781982    
   105000.000       90000.0000       108.182396    
   110000.000       90000.0000       51.7779884    
   120000.000       90000.0000       63.5106812    
   125000.000       90000.0000       84.7519989    
   15000.0000       95000.0000       104.559853    
   20000.0000       95000.0000       95.4741364    
   75000.0000       95000.0000       121.012413    
   95000.0000       95000.0000       125.144974    
   110000.000       95000.0000       84.0611267    
   115000.000       95000.0000       82.4214478    
   120000.000       95000.0000       39.0304260    
  -5000.00000       100000.000       68.1071243    
   30000.0000       100000.000       76.4893723    
   85000.0000       100000.000       107.804932    
   95000.0000       100000.000       99.6486664    
   105000.000       100000.000       194.776962    
   120000.000       100000.000       96.9395294    
   125000.000       100000.000       86.9052200    
   130000.000       100000.000       102.745605    
   30000.0000       105000.000       57.5363846    
   35000.0000       105000.000       86.6642303    
   50000.0000       105000.000       97.7025986    
   90000.0000       105000.000       90.4308929    
   95000.0000       105000.000       90.3297882    
   100000.000       105000.000       100.109581    
   110000.000       105000.000       117.014809    
   115000.000       105000.000       86.4107819    
   120000.000       105000.000       97.3933563    
  -10000.0000       110000.000       38.6367378    
   35000.0000       110000.000       96.3398590    
   60000.0000       110000.000       90.1984329    
   80000.0000       110000.000       88.5536957    
   90000.0000       110000.000       75.9633102    
   105000.000       110000.000       78.5123825    
   110000.000       110000.000       90.2002640    
   115000.000       110000.000       141.169617    
   130000.000       110000.000       102.329948    
   90000.0000       115000.000       104.857018    
   100000.000       115000.000       87.6562195    
   105000.000       115000.000       92.3055038    
   110000.000       115000.000       84.0971451    
   115000.000       115000.000       88.0576630    
   125000.000       115000.000       92.6338577    
   135000.000       115000.000       52.0251923    
   65000.0000       120000.000       100.643623    
   75000.0000       120000.000       106.301018    
   115000.000       120000.000       111.439369    
   130000.000       120000.000       76.9728851    
   135000.000       120000.000       76.8980408    
   140000.000       120000.000       42.5642967    
   145000.000       120000.000       78.6352158    
   50000.0000       125000.000       70.4944382    
